kinematics:
  shoulder:
    x: 0
    y: 0
    z: 0.1809382268527952
    roll: -0
    pitch: 0
    yaw: -1.042568272963118e-07
  upper_arm:
    x: 0.0001184548426818006
    y: 0
    z: 0
    roll: 1.571781379231681
    pitch: 0
    yaw: 3.54199867710521e-06
  forearm:
    x: -0.6121033597671489
    y: 0
    z: 0
    roll: 3.141277094384917
    pitch: -3.141086678462096
    yaw: 3.141590890369721
  wrist_1:
    x: -0.5713231467036759
    y: 0.0005979032588366098
    z: 0.1742392743025317
    roll: 3.138161160234299
    pitch: -3.14142664999648
    yaw: -3.141587710969747
  wrist_2:
    x: 4.523539473082127e-05
    y: -0.1198183381788751
    z: -1.0213688172165e-05
    roll: 1.570881569907951
    pitch: 0
    yaw: -6.218687764664231e-07
  wrist_3:
    x: 0.0001657817694638988
    y: 0.1157009085860633
    z: -8.291239963964241e-05
    roll: 1.570079717163561
    pitch: 3.141592653589793
    yaw: -3.14159253800879
  hash: calib_7996523413172177747