kinematics:
  shoulder:
    x: 0
    y: 0
    z: 0.1806381485984597
    roll: -0
    pitch: 0
    yaw: 1.49582179580221e-07
  upper_arm:
    x: -3.856733157753921e-05
    y: 0
    z: 0
    roll: 1.571298298364086
    pitch: 0
    yaw: 1.890175476875966e-06
  forearm:
    x: -0.612336662144089
    y: 0
    z: 0
    roll: 0.001012269114382611
    pitch: 0.0002476710987900909
    yaw: -2.820492804390536e-07
  wrist_1:
    x: -0.5712041553544843
    y: -0.0001107194539297683
    z: 0.1739322443033538
    roll: 0.0006365664941431541
    pitch: 0.0005132303027496865
    yaw: -2.259599378923654e-06
  wrist_2:
    x: -8.990472860809654e-05
    y: -0.1197212121797685
    z: 6.535496904623579e-05
    roll: 1.570250433871125
    pitch: 0
    yaw: -4.765074437043659e-07
  wrist_3:
    x: 6.84891327945112e-06
    y: 0.1156163304396277
    z: 2.297617815278916e-05
    roll: 1.570995054585019
    pitch: 3.141592653589793
    yaw: -3.141592631435016
  hash: calib_16332645138100839459